100
3 2
1 4 1 1 0 11
4 1 1 1 8 11
2 5 0 0 0 11
4 1 0 0 0 11
993 978
748223131 381098735 947964555 976462854 394561242 202249754
4301019 3757902 2361763 5542175 8338107 1136688
252376028 14997844 592560213 206186036 812803346 491886872
5463925 3703984 2383302 4586031 1686451 3056642
976 957
309570715 492649941 537557858 97814970 998745850 757793118
600154096 850300336 540974928 793814977 755492532 210912106
175442274 867239026 427323625 255690723 525557889 669560716
548559999 695646132 813187242 354573177 626373281 29188454
988 989
954021634 407020297 594556831 534190113 689618038 198475322
7139650 2598312 9898147 9633032 4636704 8011146
854440212 267045376 231260202 350357764 103815067 984075357
8794171 724971 1978856 7199015 4049808 6752420
952 990
968101433 734857186 523467272 136897427 788486751 869609254
618747588 366361764 935179561 821427240 735013580 357297455
33149325 574439793 168756161 663434571 18502513 645020057
982500993 843097868 522528423 280904970 536763460 252226709
976 950
459270114 508709534 794285515 563015382 835017387 136056678
631352743 846479307 883384477 223143906 845059787 532722047
659746901 998174669 932451345 512181530 714035699 292274969
354925575 125747155 581863911 538008811 376343351 716392720
973 977
916073386 747706386 183832918 496459510 584756196 928596565
539629154 187431413 329855396 883995181 604384041 877999625
344088268 31164750 561167932 366396945 316287507 682507361
548797700 511802043 485637666 465560604 777116145 840034645
973 962
528514638 80862599 137075332 90491730 356095753 30015652
151639506 141258012 126318648 763224274 322625225 237923840
922469245 713615078 894246416 933883495 172626172 431598506
65811816 43745891 420969490 34997390 474606059 151339715
955 964
101600514 546777246 403293770 340348767 849974655 45541406
5555180 5324293 1972711 7595096 8270753 4299245
150536996 501389880 542319867 896565600 82355832 928815190
7506279 6289213 8134818 2279968 7818464 1733649
1000 1000
188671750 5708577 297641350 284844711 574271738 118086714
824593863 763707677 57007738 574732177 589541644 542020106
860061359 450568462 0 0 112453428 80242274
816084777 297218673 543278702 987023758 336783214 821418020
975 952
359438193 166297700 298343775 819501406 379112992 896156193
6060576 8700140 950689 692576 8879866 5931490
381434395 930894928 824417242 853746765 122894790 371450104
1513049 5087080 2334708 8307353 5581913 9167921
998 964
707567146 180138036 398490244 503331001 29454737 547715106
496194059 128996149 92465549 540350469 138323108 823581820
896825173 813376673 951051669 913911401 665488149 546668157
927233254 382402379 213638870 821214708 494869232 876201718
954 969
661088190 214722167 798979908 407485144 673516152 961652048
7376026 5893665 4918937 248973 5617840 5946152
208896288 354940719 136176285 577072348 177605138 601431171
248534 6280953 979097 4532907 6619160 9072640
979 966
209788160 940802188 692487299 478656328 33671768 706733913
108589820 208155308 346360671 235340038 359661717 178569640
377772372 609072026 330563035 272940931 246621763 403365437
590956989 496389585 128068970 466715913 473293287 767675434
1000 1000
743572698 221339227 106698784 618591795 475447684 544660860
814714870 900627605 633322325 649700198 513441185 940608095
743572698 221339227 106698784 618591795 475447684 544660860
814714870 900627605 633322325 649700198 513441185 940608095
972 950
880466115 544450958 614080405 338467475 896482949 249845494
10835 9336660 631537 9593134 6044364 8308600
581100155 403083194 998182530 25285774 205867978 652865612
9646601 8084920 1558166 563682 5750359 4544935
957 984
121307824 613226717 668768539 748730923 871412741 114749651
750711198 641432442 330076666 614071263 240376784 609430220
119599693 208823011 549264554 40591891 252482355 145236011
741650407 497360889 412813511 286547906 159165497 566982036
970 955
930064857 90274675 517578215 802721249 970003713 95519989
8410893 7541860 4116461 3202601 2898562 4020405
708599709 243979652 345630296 10769286 638737113 927374656
7132071 1401881 9456971 9615844 3674005 1627483
982 989
476156866 755720728 440208060 186898266 976832185 681514137
4560958 8166498 8018276 6380183 3405466 9195461
816726054 96265247 318895811 871298607 874343553 25706328
3587679 1814803 6125746 3472340 3513665 3345395
990 993
678275049 374801055 884296052 24486589 721423445 372732595
274670312 43802645 280024778 51714880 776911129 903935565
381073989 665212007 464947818 491085952 207167322 699483117
111941938 465572193 124647195 327101365 928243344 114174893
962 972
274694672 856198503 399312527 195726723 126838561 539991298
32773 4543587 9032674 3905382 4230752 3436216
408682161 290926532 993118040 964365990 444888243 956383492
8874568 66696 7147277 5279687 3302666 6342720
972 970
4237 9185 200 8226 809 2187
54 98 38 2 28 93
3496 315 3695 8348 7140 4191
86 46 32 52 38 38
985 993
464645603 632879528 679448901 783382821 719136647 892152230
516437673 859947126 200102927 679770719 198238619 678226303
138957933 342579207 300226706 15766269 816014667 906670711
504458212 734192104 756816087 990281412 669423408 299064019
978 964
7974 4759 2198 8827 629 6654
1592 6462 2325 6330 7184 3145
2992 668 8126 9066 1814 3128
3852 7218 4630 9209 4774 5317
981 977
886469321 599842025 22610102 873370800 485961018 78658762
839518 4520020 7008432 8081306 9702153 6987905
997150436 416009714 326370394 417649035 31456760 985720368
6693715 3771097 8889366 2492461 6587013 5912478
961 964
140781519 90767849 95254536 792857218 797668168 951350006
8919206 1961308 4121398 1895528 4753137 3602725
158095336 756245900 192672633 582346924 959340978 18605732
1527463 512373 445025 624599 2737659 7248491
997 999
75639595 353447607 479330039 273747573 804803159 335282980
7163280 5977192 3861933 3305785 1915071 2546055
260940672 263285331 227030505 844975224 299606636 269874395
3997488 3469919 1925085 3033884 7206539 8612710
968 979
668561277 370943765 471471048 675708435 269932454 135256396
9656673 8909200 4362501 8099229 9911101 8404023
660155219 584274005 438625145 241488991 440565790 319054164
5099596 9375209 8744035 1681651 7376710 8360825
965 993
766558315 402614064 832532272 593235556 15463541 662361783
38728246 47366084 308720095 200554996 426509572 956582242
680024906 153107098 509647601 102168879 502750382 458761882
825273001 436088769 711590475 488073457 771772298 463700972
994 992
79625810 574830920 890479854 921942722 736020477 434699800
8994217 534971 951517 4703547 3290789 6389840
984529513 651823677 59863107 309629013 717191909 505247638
578874 6473242 4252200 6324752 8901583 6842404
968 984
43685538 929331901 558088028 194705895 522047349 248155312
9080805 7458951 8018621 6997243 6361885 1007904
827534280 663743457 405712848 284070995 440253477 233246188
5355856 5533374 9033018 4113644 8561824 9302071
996 991
65304702 388077825 771798898 391600420 85882048 562686507
5608309 7141476 404300 664305 9877484 975640
683019111 829708089 730553620 672337768 900530768 130007774
3403283 3473763 602052 9394990 5834891 4478332
967 961
643306373 480141444 659478255 726155801 462629348 247569006
571594258 475596304 327278637 560934416 400609910 332185483
121872414 750589360 467414986 772150596 594726841 783190662
185397493 740872155 39150962 198728389 127838032 137203033
973 952
914724732 204911072 809636228 671548199 95358751 848016959
840070766 233821076 655831995 772437402 205768842 696369769
830636657 569557299 896842287 911367746 713110981 982630626
508228381 996276609 916075355 647837051 242855213 542851213
1000 973
174446082 14258873 652401648 110843770 465065467 224543952
161346 4162264 8688308 5916956 7561663 8022575
649947006 941205182 411620272 985864321 761724290 503450411
1349748 6936149 4929343 6377381 3214613 6065905
972 997
197749057 990898051 392125211 418499496 711689406 139101373
27493296 639477290 965579002 936037091 587523207 669218441
409380634 430841087 856628526 965987681 85507762 203955889
179150956 12554898 252660949 13087551 829043642 772945183
953 977
35234931 849400875 628451753 198240668 916261099 593156110
244139462 266790095 288677149 962944297 997719086 9204787
223297482 337619619 419391903 692158157 612690159 553572961
596837301 901164192 123380576 274114197 211948746 507105192
995 960
810773185 964500829 328870564 960363925 366197788 57071865
2321379 3355922 4217337 4023964 4810574 1775830
203683332 81525636 811894761 117490712 356185810 332121232
646537 6255601 6520870 7134535 8959537 3604729
969 966
861664990 339633377 436156994 358005821 525730706 87126982
289557001 446952797 616295681 925430047 556287821 125933869
407969656 742661625 708990552 68258312 19049140 702432128
502953887 280635525 900925080 569147886 355139604 417213708
974 952
629618133 152154354 387592268 27063330 157599429 307964137
962545751 649233571 303192678 145786543 124098137 997580638
54887397 296046347 626238107 295263441 847174386 630939333
55857231 400198542 793469475 398037064 382249052 131165733
968 988
120923312 645502510 753285199 698363082 181814724 905924562
2176351 7525138 3803458 6209945 6797071 395935
180221111 909773171 757477542 642429235 227533398 238033811
5214933 4944784 378006 6006977 2791405 4620626
980 974
813012795 90688358 910175182 705607974 898407704 607390243
862907601 80950245 164622660 351699676 158584223 514772379
446802289 363596122 717547537 731713903 841594499 329493341
146420586 664965148 270614070 211431669 884138736 473435436
980 963
503115759 609817738 821116636 217753322 777833293 139090227
595885 6695057 308917 5330478 1471804 6262948
311915036 380292584 928473402 351841252 325058867 9336706
6968929 1598416 6866932 4842180 2106922 7331927
990 977
455872321 533157283 868627374 119931767 869762183 894677743
9826393 5109660 8785258 186346 244415 8135411
320151088 294194445 369274591 96611148 796041411 638576892
4426994 4846307 5019620 7376380 1124115 7550437
1000 1000
10 20 1 0 9 100005
10 10 0 0 9 100005
12345 54321 2 3 4 10243
3 10 7 9 4 17
959 976
105403251 137681617 845998135 13481563 290063319 453384941
5288222 4679876 1435362 5191553 8977249 1806276
438372011 231692169 564405581 417646635 492594896 385410435
6395320 1183266 4620050 2358269 9353676 4893257
973 957
172535738 618588196 646439996 850398013 796081235 339708887
7987571 7340964 5888735 8676514 6787987 669205
296706601 921397908 511194506 366391503 877350419 638793890
1729106 3407229 9925653 442455 3541562 9336309
994 977
3982 65 5368 6855 8604 8316
43 51 78 60 88 33
6964 5442 9408 8783 939 4121
66 37 74 78 41 36
972 958
22578854 539521112 778732560 199433516 471085604 415794570
1218831 6639678 589295 1837473 4361171 8411461
775594567 48220823 94175915 343554173 665159289 305651969
3169514 7750318 6565619 9158104 5937851 9227292
952 956
451377089 909286959 209677992 536061456 468050553 479452325
771776869 647441982 201820059 681595447 694834102 560023285
646460614 458960398 907325343 127079983 468305266 889067788
508374202 394142311 225328414 970633732 499889991 489413041
964 995
347168447 185705194 847026880 794965013 747910884 483520025
66176069 502720182 229396749 539952780 959641154 869128575
649712088 85992282 638931272 393332656 156353455 21507863
960712349 918414899 552394301 525290138 191549422 171083927
1000 984
65009623 866454882 20584173 296436215 155830184 797233516
345158465 231173241 983371939 888936764 810761724 111330176
52174149 36721803 220388395 154633193 737394289 325542478
50946539 130443326 708164014 509812252 490038504 649849060
1000 999
931308287 530386265 217560391 157691118 783219995 828992379
1837559 1006229 1888799 5543092 577171 3141438
911297409 174571457 441871349 901926957 810991471 249920818
6950015 1044305 3445289 2887745 5323013 9341945
958 976
7549 5334 7552 7856 8382 9912
35 17 32 9 80 61
3129 5258 5343 9440 6888 9381
78 97 10 2 98 34
952 979
53237894 711778890 950952554 894399901 235253870 429419611
5695764 2731932 688311 8474260 8644262 9571992
444202701 758464105 179779714 172809319 292037610 187228583
7526047 5402961 7723333 3075047 4438517 7046732
954 962
820121873 798905576 244975306 737633768 680165202 717782929
337688446 780742402 641956785 514203271 102793284 344701726
238972221 588895165 32303894 114235115 383593884 930116469
108144129 414030253 529468290 204134531 83278171 525728153
994 983
948557545 217740004 180502847 745105345 856666267 253611367
7426235 8550865 6077532 8586742 2346544 5776809
710369242 429226828 930267623 815762698 360275249 802329732
8067326 7699130 4761193 3603950 4550153 3878788
982 989
708282324 287765219 884995472 350403832 295526978 689625115
621881452 74984749 685837282 639506929 301163059 684517695
872455013 581252040 521143754 494116053 985722105 386239359
26771858 113955118 173144148 13299198 127760303 128506609
994 993
580910522 941127638 248706377 403527723 546752812 229386488
2771328 3898346 2035456 6277923 6646537 4861071
544899992 904979951 165971757 398388022 229661880 416621050
4348564 3023092 7809617 9725100 2417604 966665
1000 1000
1000000 2000000 1 0 999999 1000000000
500000 501000 1 0 1999 1853081
50216 514 7 445 6737 998500201
36336 33663 63 36 33 1787783
988 975
257785746 469505915 12432802 120954341 587352761 262427912
7175117 5364565 8510275 7709427 2837822 5859341
20673245 201648777 548474615 239730076 202117811 210356370
91265 740272 9949333 7072331 9254370 292335
988 970
308214119 935436247 38101954 861197616 498288758 507526400
839968 9240784 3468630 9191710 2725847 5604910
758506751 577844776 549215280 651734090 546687334 643233095
3745042 3382367 2634098 1632075 3383372 6534046
985 968
849172232 586426238 348229557 737228127 873453295 228626024
1835070 9303187 9110181 9136465 6205132 1221131
417966989 171257786 463405548 832399445 494848592 639618155
4610564 9004625 3220746 8202555 2788271 7599461
968 980
887669025 821914741 804531370 318462166 802950351 994532482
485259916 698708387 655505880 43145251 389310640 574529446
247696723 971406761 528855945 750777897 11986724 290393098
512753808 232172528 727303088 955187736 932813183 30247328
981 964
694146313 761015054 467165273 689512897 705805229 229549055
482256864 152633346 546773686 645873042 791326698 244094611
345029723 720199215 618136076 757688740 42551901 198744192
270653380 604872116 9579975 357478533 20895825 514801867
955 1000
75641446 179403914 120877159 969822548 829823039 687016836
9122913 726838 4773453 3224528 9474557 1343485
587672197 83939345 50908221 508958792 30525865 312252280
2293746 6418277 8178342 4305583 349476 3858029
999 986
331603547 687972847 418577153 984907074 280876478 960350822
6222037 9821948 5415054 7176460 2188925 7685967
371691996 750098113 480425140 953114619 593298958 454800176
3513685 1735045 1224702 3387811 8230858 590729
952 984
558608847 766800963 197084823 947283707 497693579 210251993
309064876 246271275 76640773 144461875 981766052 736839141
577916676 332816786 605477208 480592919 307956675 491746211
421529679 668872423 533053001 928685841 684436371 639788957
983 988
85601663 693924733 59213781 99917625 382769315 652124789
1263358 973184 8305044 1865273 7531320 8236408
458245434 645170333 144006041 995220956 829747704 479461833
5880603 8340170 7425251 8361397 1668152 6601290
988 997
520364406 977641754 871481152 949427948 757845310 359040879
323241929 305967106 747318770 505997392 345678359 575901531
423057068 9548799 449841773 18934981 992682091 555223708
726662723 904906877 663913324 812561263 368727187 740533234
951 966
299054339 492269214 265902698 924490188 722624565 903888731
781933791 384848774 785932412 803145351 388609233 838033100
155904343 520630575 28885030 86252281 785384096 56193387
67241712 268541363 163092291 351511776 201670650 958857218
965 959
772770686 116537653 61066511 988563339 296816865 670485446
3217664 3998514 4171188 1543195 5025796 6863413
274428732 568749138 578734236 491786636 790720328 716297535
8560191 9503132 9837876 61557 5124881 4796130
998 990
544144875 715261339 550149984 319459061 969773612 873820084
9908375 3943299 3776563 8870658 5876763 5745903
948312138 361401779 614714275 967591122 978330169 236968788
9280031 9912058 4399743 9715998 9828137 400175
971 959
173528578 331160912 836215950 652875013 648011093 234396112
6458616 7275662 4046803 8074479 64626 7315067
729478956 78474039 460362892 742495573 533150843 11433647
3592802 3409600 1806718 6890032 7483829 6562285
1000 1000
97757432 84110822 628897545 693463948 957914468 825089773
763685683 864317279 879535309 735020961 839663565 817816847
97757432 84110822 628897545 693463948 957914468 825089773
486279783 481768911 418706674 945199424 556237449 966152713
957 995
709617284 564712893 111082255 964435203 805210714 464960293
6673318 6707482 2825854 2412358 8772378 8267996
893289887 161800630 635317014 178939005 298245959 152303915
5862220 3452159 6972765 2565808 2942826 4028636
1000 1000
1 2 1 0 0 1001
1000 999 1 0 998 1000
1 2 1 0 0 1001
1001 1001 0 0 1000 1001
999 985
442999373 407368250 968238423 75257949 169315644 256742081
440238760 647142372 663882848 906273221 228943731 785985642
595442054 82073966 624312335 623420216 258854223 489352808
913990293 967229961 107278252 327954449 570778331 450941341
960 969
398465183 754569785 252368741 49762588 439071109 389357438
527737148 773246839 964502547 552900623 968466925 678496259
478969487 520388318 220742306 24620187 414101703 292545014
929184783 521532152 35864274 936735902 357807055 917402340
980 961
794659493 310465463 787982526 131705335 840989920 796871741
3302494 4152486 5743965 2887643 1900768 7015540
734027010 429071223 228957248 692286689 967238365 484330415
7470694 3412811 313808 1288601 5899121 1665633
976 989
166020799 833796051 304468105 616619159 596468147 422258540
429642019 259309832 848056786 887133348 465226757 101220112
923515039 680149175 558354937 388010417 837380305 213630518
651645134 968120928 983680036 909624397 4534126 237043008
972 997
8489 4596 2481 8356 1992 2352
90 94 32 96 77 93
7448 487 4505 9421 7365 2849
25 37 18 50 50 72
964 960
660744476 130739557 72212352 843381760 670678436 695082706
584526122 863902892 692275611 980412055 56759771 164080977
950669524 935614168 449335457 94622629 840046945 523399951
774310636 544531254 36431040 410394965 624553654 564078645
976 985
1085180 484703946 517935157 662606069 678810264 834408527
1336921 1059966 6769548 4255002 480096 9794587
934923079 722453628 579304744 153064480 454340969 735270583
1120997 2142402 8349647 3429927 9198814 8863987
965 984
379440129 588523948 799779212 189168912 358076771 727087920
890675958 473963158 752969904 612017335 730325419 17946704
493824261 878488428 284655595 451980418 787825701 277539330
644482138 44991271 937599476 250445888 525263337 814049238
989 981
259707790 472479205 435499430 140728923 143227575 893286910
7059361 7454386 3312025 5594949 5867274 184626
674871427 669946992 779924180 26719315 465926287 161570157
7447150 6306352 9914542 1643807 8225727 2214447
972 995
485012857 812357984 646735977 115164632 722072717 502991553
686420676 738133866 877108778 568798499 532027 627636197
810292952 466049190 220732509 70587079 263902735 952166864
160693104 787185367 225753345 760296612 561622973 20102602
995 997
524135371 991184232 413847777 870545212 636430376 548381035
707902141 375257372 399420818 942901905 553560814 492443219
359304066 50403137 845555631 232985781 298607938 635250767
651312035 12441759 783867762 550281095 574139273 779494165
959 966
449275831 303531080 89060472 516632907 50190368 738963491
8795177 8131427 8876838 7197043 6602668 9031692
815354053 966616227 77018540 234216931 658711083 648459313
2799270 2200927 4443718 4965529 2161649 2268924
978 953
152092439 641254490 647762624 385047535 583856383 462787224
1236779 6371678 4909929 3026836 8928163 1311086
772386968 721092443 640433338 591144460 55141527 685346765
8194779 4290718 5573606 509555 3188429 3833550
955 973
2514 4606 1026 9351 1582 7616
69 81 14 90 37 70
4299 3114 341 696 8069 9176
17 48 32 76 66 71
967 963
652419030 954249061 522819565 550387482 609546330 259688263
728158823 247882747 337701505 837666974 13651909 792306180
183138040 795709841 524748226 810537195 347674037 633230612
27720698 275467201 70966592 441473142 476039842 71888364
952 966
73407130 883403929 765124615 39824320 303611637 604806900
8300821 518512 2738660 7269472 3523949 546767
960742006 774870564 243016356 293064786 894399589 581599604
2490229 4455251 2376129 4356504 282746 5383448
950 987
880011792 770962305 191149645 194052265 11300152 723723461
7491178 3391372 6858050 766987 8772807 762951
866872235 230191110 902438910 179227561 353180301 312071458
860811 3058248 3459820 1251480 2725008 1906587
993 952
158131385 562831455 118087363 195241772 259359661 638681842
7179395 1016172 2503202 5003908 6800458 3742490
487855393 363570571 485154002 420521556 322511453 984074874
1430747 5362552 8841265 7079067 7329897 5172032
2 1000
99999 1 0 0 0 999
99998 2 0 0 0 999
1 2 3 4 5 131071
2 3 4 5 6 262145
966 985
115773960 371907345 518736967 185987148 69097908 705080634
4697623 5150442 7759643 4014317 3074369 8215127
800962098 426251197 639449125 913263124 337473254 631893562
4928031 902690 578888 6379912 5386142 425064
952 951
222525535 142322895 681635431 245103182 987086333 460206458
656534891 496564815 754009770 410049688 971609721 980629816
360497007 472399918 14388839 679324467 401062495 478574248
101646125 719359476 983989055 758063204 259679683 306645838
987 981
9710 8437 7795 8396 4464 5250
40 28 79 50 88 33
458 1631 6443 2558 783 2628
43 32 74 87 72 53
987 957
741608807 778781459 396073802 153121878 634478377 661812580
8337408 4558352 5534304 7243762 5951251 1945357
901082301 685005040 646930999 648271655 811453146 425333578
4424154 8384905 4421784 1333606 2407401 5276491
