100
6 1 1000000000000000
1 1 1 1 0 100 0
6 1 -100
1 1 1 1 0 100 0
10 1 8
4 3 4 1 5 20 -10
10 2 8
4 3 4 1 5 20 -10
10 1 8
4 3 4 1 5 20 -19
446194 71266 741122363765057
578526531 698022905 397820810 545962560 732314349 317510411 -217612476
498725 204087 112156911236292
254963840 512324482 818993043 346568324 726612918 878536665 -256906093
500000 444230 659304126971180
22587814 57122017 49587093 234817099 456094583 132647059 -402764577
497179 467577 -736954118762689
358356310 49000273 570168207 268299298 102231276 910283544 -373052281
123748 105236 1000000000000000
930428125 864141921 390610680 327854861 348737720 828303349 -348537522
500000 405889 -4466272
2 2 387057695 585778931 665187797 11 -10
419303 0 650898331961710
606182585 606182585 0 0 606182585 1000000000 0
500000 68069 -2943412
0 4 714908004 776724892 200189665 11 -10
500000 155841 1103165
6 0 401638186 1414682 49034344 11 0
500000 484966 -1551973
6 3 215244769 955482998 282680213 11 -5
500000 421349 178543
9 10 667747049 957041388 925718343 11 0
500000 181802 -188035
0 6 921282702 901745359 3006720 11 -10
500000 168104 369650013625701
765458871 22323174 40188616 65774754 652269920 191008515 -242414344
500000 401677 -649846
10 3 422336294 810299262 155259332 11 -10
123748 123748 454716017888139
482902194 75362315 736505363 834422794 871534989 88906163 -387659926
500000 253123 3599602
8 5 973966582 813873580 156090631 11 0
500000 99607 1000000000000000
436533939 789756635 501171922 787690534 85153402 698575545 -38051772
140388 20138 -727861786015154
616339239 807318942 385786012 651520060 986833729 814583829 -467543522
500000 16741 -37784
9 2 607190856 841913524 828606494 11 -10
500000 188157 -4279686
5 1 938948146 677720210 129607933 11 -10
2 2 1000000000000000
1 1 0 0 0 1000000000 0
2 1 1000000000000000
1 1 0 0 0 1000000000 0
500000 438486 -139706
1 3 450915002 615129535 405330450 5 -2
200320 61446 -596782513140823
195527385 534878620 650012831 85464428 102280501 36701017 -297992900
500000 474949 -355463
2 2 887452025 348504913 345274362 11 -10
500000 500000 -450610316535740
131911930 703844182 726978258 84286717 918766631 740158861 -336209605
500000 95000 -55962393406322
629463723 984417655 987325249 603236449 309421270 219093921 -144772509
3 3 1000000000000000
0 0 0 0 999999998 999999999 -499999999
498725 165844 1000000000000000
987393610 656924913 311681299 908079155 551512777 312445355 -161453373
79070 0 -212474309635545
683500057 683500057 0 0 683500057 1000000000 0
95213 95213 1000000000000000
408233573 239181212 122369880 925358483 167838314 969243609 -301188053
500000 474247 177614
8 3 153311529 961487904 633299654 11 0
500000 500000 1000000000000000
275542994 827833232 736892076 322722033 645593116 235600143 -118229011
500000 117539 -693619
10 5 687451125 176890892 960267167 11 -5
225150 96831 -902441147962227
992646313 709659966 945108614 845822343 824718215 809116187 -425036622
140388 80439 1000000000000000
301952971 170229024 797130176 785595396 515815746 771610879 -374743100
3 3 1000000000000000
999999998 0 0 0 0 999999999 -499999999
500000 500000 1000000000000000
838011576 88431720 775334960 369332828 672499563 998986693 -371877306
83104 83104 1000000000000000
901684720 452983240 48190924 53583598 169320663 413182877 -41076181
500000 44536 1000000000000000
751642039 414471982 826625723 98212848 124343845 741471675 -437237818
66491 13309 -909338999454885
884289715 442471771 852056422 357395389 91653879 737837763 -78540062
123748 55081 -195677435461541
28835549 977562499 551080146 25900466 587904676 458073123 -189718517
500000 77330 2057654
1 6 205645293 218497112 519485127 11 0
23025 22538 -711282298804978
572120175 489678013 761692207 197180212 66555044 308233154 -287202579
500000 102238 385515
0 2 61050174 608535217 376512465 5 -2
500000 374882 -2388563
2 3 664408630 981917018 898369967 11 -5
497859 341548 1000000000000000
916078006 373213108 93467004 794159982 668842411 547764065 -386775610
500000 81234 -2483647
4 5 83532095 661025326 928804846 11 -5
500000 500000 1000000000000000
11790985 531876777 362605508 395876173 32045435 178982715 -482466923
500000 0 1000000000000000
1 1 0 1 0 1000000000 0
500000 157022 983508
2 0 404370812 550523923 435024191 5 -2
500000 0 -363733717780588
399312441 399312441 0 0 399312441 1000000000 0
500000 124987 1154710
9 7 926738778 880170262 541854518 11 -5
1433 1422 -862822357632594
563920070 958545863 584503838 581752501 549790122 624427236 -90209817
500000 368414 1391538
4 6 579903873 188952544 195451254 11 -5
254685 254685 1000000000000000
582263636 343788064 327895313 816274377 861330545 547150243 -49513757
140388 140388 651299575217200
884537684 153241680 95889462 152995956 932731600 528947029 -221173555
500000 500000 1000000000000000
0 0 0 0 0 1000000000 -500000000
294276 0 -285087226096572
778740337 778740337 0 0 778740337 1000000000 0
500000 306357 511880
1 4 466044896 234253985 292834684 11 -5
43424 34613 821619003159785
795554677 211496555 517530555 870913223 238823269 456295277 -438342415
497859 497859 -486087046570735
853450590 657055872 449188696 331822527 406134766 842392181 -365865001
268346 241778 243031265921211
24813530 891481044 684704540 540753872 907856645 275264851 -420727677
500000 304125 232474
0 2 381710788 934433495 131761798 5 -2
500000 125000 125000
1 0 0 1 0 2 0
447871 205330 -773749196132750
627304960 938884590 908418465 997115051 220883285 372869333 -371398524
298869 245131 -270720731506568
888268135 466672574 770291416 631802278 240114112 255567074 -419704525
498725 498725 -113296118041898
154732314 641711202 245911842 452976971 493485204 104088575 -54778538
500000 0 -793106986436995
750314851 750314851 0 0 750314851 1000000000 0
473318 374890 540265709863058
649002383 106304776 505385587 810477658 710758689 402748993 -246917106
500000 500000 -917321104965244
967995452 678355057 462262871 607668516 922136801 429529357 -191298914
500000 424693 501963
1 1 180323300 206096500 341480679 11 0
500000 466679 487600
1 1 148708503 297086805 160059375 5 -2
500000 140648 4772000
10 10 221102440 466438007 720195584 11 0
337844 337844 1000000000000000
479600425 964156260 272989128 572933479 398795632 642282835 -106068398
500000 500000 1000000000000000
556855314 479076983 498671918 919573329 21644553 850999761 -165284360
452598 58426 282067222190729
317475472 999343752 248117148 299380807 467079800 325541793 -306608156
500000 500000 986328013349325
962467145 646961691 409906481 746706033 856032038 624407155 -109917730
500000 500000 574807520754090
350188426 310991062 882673520 348117197 296106968 404875581 -203677422
500000 248940 -899955
2 2 815337449 686514515 945345355 5 -2
500000 378038 521233
4 3 638575616 332115013 805042015 5 -2
348754 73240 701172478580586
310102636 93550746 503794409 877623977 291655523 165037143 -423907526
500000 500000 1000000000000000
999999999 999999999 0 0 999999999 1000000000 0
500000 257180 148238
8 3 46446104 865134110 843803126 11 -5
500000 0 -59893637166717
537660625 537660625 0 0 537660625 1000000000 0
162577 0 -466287578694467
988327933 988327933 0 0 988327933 1000000000 0
500000 426131 1000000000000000
842969284 683086473 483975116 370716574 289346262 84699497 -293604883
500000 135294 -385671
3 1 367844361 175131738 865981819 5 -2
500000 0 724240402731217
53491563 53491563 0 0 53491563 1000000000 0
497859 226631 642192882142413
590830210 553264901 214263601 867525549 981076215 272718359 -346272511
500000 80797 1450123
4 3 38892751 537214299 744293733 11 0
500000 271294 -724294283248365
514951283 349153958 892835683 947494723 866432306 774337441 -73416533
500000 324681 1000000000000000
824137731 145953121 127074367 230711582 601406000 443907555 -498410142
500000 36482 -1858993
8 7 452808656 189057155 886025750 11 -10
2 0 1000000000000000
1 1 0 0 0 1000000000 0
