100
6 1 1000000000000000
1 1 1 1 0 100 0
6 1 -100
1 1 1 1 0 100 0
261990 115936 -245599126965112
360850897 937144376 38518979 501855564 580430756 706412645 0
500000 319384 1000000000000000
128461129 565348773 672731204 162498313 343868862 858742777 0
2 2 1000000000000000
1 1 0 0 0 1000000000 0
161604 20202 36397106694583
544660366 574438492 934913282 884751225 27453764 111658861 0
67682 0 -993310609588565
659002721 659002721 0 0 659002721 1000000000 0
500000 500000 1000000000000000
46279526 492049423 828072349 794219801 347520582 800425667 0
500000 91305 399034784651729
489749433 684013875 373803354 40828449 516147319 833336183 0
426525 406709 965194215197021
29508706 886513452 537430639 99375324 381056986 577908830 0
9807 7107 793527773994598
249959734 253989920 609288276 996779614 125325219 202037383 0
500000 0 948119294842012
618223729 618223729 0 0 618223729 1000000000 0
303692 53702 -770955785754556
268711936 335719356 607500956 714735954 149793850 209873411 0
171370 45809 1000000000000000
209782168 579529761 340689868 201279276 404088293 712448039 0
500000 0 1000000000000000
1 1 0 1 0 1000000000 0
212963 28340 474197392771881
533026668 867985729 43170601 320595938 553844635 894145233 0
500000 280228 788225545085248
338081174 941849838 51600532 235317492 6966386 754095809 0
316585 7348 -215020978542915
573606425 330817687 589305490 957775272 779370769 147809257 0
76644 17176 54745914340318
496535312 798043961 646093055 483416157 586345065 629677899 0
500000 209249 1000000000000000
762113920 98923805 949941123 645417119 991449464 698541699 0
500000 500000 62781337709339
756804596 615490197 757293396 670539112 56675570 633572917 0
145918 90478 -482612539090310
583160069 822965686 448078790 495294018 396259527 963961493 0
157419 128320 417956032157858
4844091 694500485 311989272 998131123 874500389 381625023 0
121214 50470 1000000000000000
468513178 492238199 261581160 701214174 521401044 154811615 0
500000 500000 1000000000000000
403555850 58505925 714271799 604677741 82309066 109328015 0
144376 14545 -73587194138597
179707829 562963212 266927426 352955158 473613780 619350707 0
500000 241633 340716
1 7 904863711 151365217 46057452 11 0
10723 8196 464808188324103
510320747 531488292 587880976 579751516 324981941 62827695 0
12734 2930 269594260609289
628248021 198257246 937401594 566939770 170221412 234677453 0
108231 56380 -998633840047928
229016473 924095129 137937982 322703039 878310089 913059583 0
481812 90157 -657326507053629
644518250 207604923 354551814 329933497 567706852 212968235 0
93797 79766 145507576407841
705471029 834338919 960805401 390562274 162118112 441842015 0
31371 31371 1000000000000000
67449582 706646989 700024630 666802922 458799672 479353059 0
500000 500000 -688882079101223
410441452 505512867 131804639 648070456 89800915 415801985 0
250273 141011 679963755687357
224454484 37019596 726011647 207308268 513158518 901292981 0
500000 125000 125000
1 0 0 1 0 2 0
2 1 1000000000000000
1 1 0 0 0 1000000000 0
151919 117537 -930790287838894
208390409 120089327 743250572 636535658 126152213 387044799 0
89253 89253 -281806960871547
602737446 561113533 86190434 894661997 186070944 844718205 0
59781 56432 -17287310481559
611827973 875046102 330197757 321401019 440402992 963454285 0
209151 0 442300426750166
173477899 173477899 0 0 173477899 1000000000 0
500000 379909 1357636
3 10 206120497 784678082 985160942 11 0
500000 45299 -424623234757335
664585478 314199638 515228406 501633538 477772 457272523 0
413948 97517 73115559599165
109346069 604398295 865468985 739287745 414036913 678603659 0
500000 185472 1119677
0 1 542556263 920889847 935101702 11 0
213353 107789 201187939707531
345661865 271443896 938758861 738770264 125463981 372080646 0
500000 500000 1000000000000000
999999999 999999999 0 0 999999999 1000000000 0
500000 60444 2939095
9 9 26669002 90151752 764372220 11 0
500000 500000 124392660580936
621096903 365035553 273595459 476998893 720206882 358361169 0
489311 147935 -195608727521783
474158283 163902360 399215950 702697255 583531865 129191567 0
374388 333533 978411712274013
899650556 519327031 616625678 496563619 291564668 137937487 0
500000 17581 1000000000000000
253046996 191253514 440184480 348950726 371107218 673065729 0
93797 65593 1000000000000000
741258143 79918260 333477857 467068 738615072 800871373 0
88684 75006 -660397979033727
185287086 772298325 924987881 378742854 444559299 318620925 0
500000 72866 4415143
8 1 750525343 875319516 254184865 11 0
500000 287830 -478586195365586
984654846 680717810 781255540 187948587 914836122 471470509 0
89253 66002 1000000000000000
769383075 810837072 866746661 355862302 660050425 509464009 0
121214 121214 375894216220910
23988283 986984061 922003486 138486997 25683481 104816209 0
127163 115472 450589161361002
636245925 650280883 506330506 573964634 213474248 54286331 0
500000 0 504051490868464
28930791 28930791 0 0 28930791 1000000000 0
253604 187709 302669337168502
626476561 570621508 773172064 617503096 55051835 773257669 0
177986 0 -239221392660617
844529055 844529055 0 0 844529055 1000000000 0
421184 31225 -825442570043310
995732738 100265736 814051755 818641640 644365578 85756971 0
500000 0 786618978223253
884655449 884655449 0 0 884655449 1000000000 0
277884 118391 -385672684772220
575652357 601094896 162116102 985824935 939269495 901125185 0
500000 0 -426785061721824
481225873 481225873 0 0 481225873 1000000000 0
291759 209767 718375848328910
453762235 348159993 637414081 221267084 3899398 484637349 0
187666 177114 -365015544348833
423776825 825451056 884437697 440225553 372543927 310941719 0
235745 39607 -473419914549457
262120514 141173112 836228163 526683587 962535083 83487745 0
171370 171370 -592249053759394
304863275 662795135 852960901 40521027 846334886 758257717 0
472951 472951 1000000000000000
766173143 145725950 839975936 993419376 579058948 779947473 0
416807 255921 -898341591144999
436670547 968350400 730982231 985550608 242679097 128646134 0
500000 343703 1000000000000000
957858393 271567710 126584152 54786320 349968010 767325501 0
61486 48144 -449882661750207
931338459 168463201 633881453 536870563 235847010 112410247 0
412394 412394 1000000000000000
86662917 182170955 708869092 941413924 829771288 793366373 0
171370 46264 49675006976551
37503965 897780530 608028556 860052796 415095072 358475091 0
181702 130640 -861839446615134
762681603 763286111 834761353 78145266 484675704 947318151 0
500000 314664 757622
5 4 147012125 645564248 367539320 11 0
414210 81106 84683002202410
505075221 433855248 251560134 647356700 155914169 499936246 0
500000 184509 4911600
8 10 847941699 691199653 196610596 11 0
102182 79279 277642007735512
92143766 189885112 973013515 75598797 25712169 322547801 0
226097 168764 -930877453122156
994414809 714127759 218623345 878582522 723679809 206882014 0
121214 10155 -534601098930642
725859410 473784986 759991575 106604189 940766754 192655159 0
335654 291310 86626923706508
438134526 995358321 506131301 439162468 585151021 199617913 0
93797 93797 437543888563784
904678031 193414839 934374622 231788631 590370398 332054929 0
500000 470791 2692478
5 1 938910925 498151016 218486239 11 0
339335 177858 906486258218420
997472869 814451210 635480732 931717196 46451672 228768847 0
260980 61057 -981687877426431
975625299 748771888 700482813 506570844 389763558 153930919 0
500000 500000 1000000000000000
0 0 0 0 0 1000000000 0
2 0 1000000000000000
1 1 0 0 0 1000000000 0
428084 248357 805576536474313
743444119 225511547 931385254 819950811 16890481 145445295 0
100520 100520 1000000000000000
428215279 722887304 602112850 571387909 376823566 490742941 0
429070 198084 644787928779799
185026608 909387769 730423014 693563467 495644291 461982391 0
500000 500000 295410817120755
765117290 372067437 570681629 434852660 970196566 223237957 0
500000 500000 1000000000000000
24172988 158169416 597687592 568570512 62738911 37887029 0
395105 0 -303036143164969
77608513 77608513 0 0 77608513 1000000000 0
294467 226723 297909803130961
239941574 702466271 928669606 610534837 475903377 476280869 0
89253 73448 880161363270489
17827230 34415454 905074752 391811773 908098671 86490001 0
500000 500000 1000000000000000
971486901 160405289 850589209 50547910 806863560 269688677 0
154748 15889 419264496443082
713753739 645371304 966085744 974377733 370620349 720931758 0
