100
3 2
1 4 1 1 0 11
4 1 1 1 8 11
2 5 0 0 0 11
4 1 0 0 0 11
100000 100000
825625957 21073319 75825942 137549105 369564877 868441663
814714870 900627605 633322325 649700198 513441185 940608095
825625957 21073319 75825942 137549105 369564877 868441663
814714870 900627605 633322325 649700198 513441185 940608095
99681 99756
607303419 22410062 17 0 936522550 936522551
679666051 846754084 450561338 31637943 22116034 764774731
85132407 52849227 403627405 604134508 869110043 525861175
874149320 36243794 76189126 884393576 990385490 315189809
99980 99732
694081 436735 2 0 951426 951427
29 55 7 5 10 97
173575 744201 648273 223718 88705 531378
31 40 19 133 44 74
99929 99940
735059335 552667371 2 0 917451298 917451299
71400 50763 81473 65346 38837 982
771445825 26825732 146200782 689158522 221931722 204069832
111515 57272 83754 127893 102090 103312
99819 99527
524344 95997 2 0 952690 952691
336939 967522 80820 208440 642324 378332
398429 302336 7 0 828888 828889
88185 461146 583593 87219 367770 227283
99834 99844
806703594 686606399 2 0 926800788 926800789
40608 12329 80626 23630 89764 4939
48329363 241646815 5 0 950069736 950069737
148970 133570 138238 166984 90620 148225
99664 99550
197360752 394721504 2 0 814178332 814178333
556280342 648872348 340939561 259223681 128785724 158999307
557548152 280547717 2 0 834548586 834548587
368605941 5184815 816604244 499719816 284832860 907634791
99648 99521
753002273 486194417 3 0 886406200 886406201
9841 6259 7402 2124 6868 3198
380374092 246362765 3 0 894759510 894759511
16089 11543 7023 7250 4400 14101
99777 99843
30899 61798 2 0 810652 810653
10 4 9 6 6 4
366056 919707 542269 796988 616249 929401
11 17 7 2 8 9
99729 99863
431737413 361375822 3 0 933836416 933836417
824249387 20681957 268159058 338280364 171046725 912109942
773563113 549195133 3 0 885747102 885747103
815407506 497393892 938410726 953087910 537315569 448042882
99678 99993
562777681 907727719 5 0 953080342 953080343
6958336 3407247 9450859 2137234 6297167 6667000
454852132 424278001 294915974 60396052 315842346 17278884
18351785 18654436 13737757 1090927 1127618 12315317
99792 99680
387600646 775201292 2 0 900779026 900779027
92336 41633 52961 11394 21370 9115
811739813 772289645 3 0 831464896 831464897
9823 174531 108123 28642 122953 49334
99677 99724
296743035 827111909 6 0 953346300 953346301
5939 2068 1359 8878 605 6615
277301124 238527530 11777367 173526145 807153556 676517691
5764 6388 11381 13920 18141 6815
99780 99726
550144247 72933507 13 0 884867712 884867713
2449 1073 8936 8243 1551 382
576810929 57909019 247291286 356304876 361158809 338488378
16326 19385 5894 1157 14947 955
99571 99730
343121688 212604785 3 0 816760278 816760279
328003 2148457 7099495 5616126 3120301 2575203
255917031 7201823 164599522 270881874 91172446 856275773
10473834 18792701 1203664 19696254 6587884 4201042
99827 99700
233171918 711576186 10 0 810071496 810071497
920469833 688591517 636722748 874681460 61725804 660221653
324634340 205835636 944226138 483373192 992273155 557785480
839617518 724758196 395985609 860066157 895594213 580566261
99926 99508
476416730 810630659 7 0 841428816 841428817
3074464 6932842 4029370 3684824 5467411 8874028
933956916 145986801 148858509 38123318 41675197 979319425
13451101 3119889 18063918 8635163 3382352 15482365
99643 99804
406135208 330746274 5 0 849964882 849964883
5084 2611 9727 7024 2409 2021
910408708 128730747 805874132 65421731 26361071 465607324
3361 4359 4754 1930 15468 18107
99541 99825
543641 799306 3 0 831616 831617
79 14 12 3 71 24
191375 574125 3 0 914776 914777
58 80 157 110 129 1
99593 99983
268150758 804452274 3 0 842874222 842874223
400891585 956344330 750430393 648766661 419514456 627429227
302926321 355634025 7 0 882425110 882425111
157070751 689967525 202833902 48703994 370952310 799442169
99637 99713
430352163 385974566 3 0 905081922 905081923
6775 5217 1219 365 3614 9092
636805486 285786436 3 0 812315010 812315011
5764 4401 2090 12895 12473 19258
99569 99785
243853582 487707164 2 0 829753548 829753549
24700 90330 37293 48698 91893 53638
879487295 736320808 676572241 393159042 849128446 173997891
159891 18082 151543 189321 148277 167585
99711 99879
835958 151929 19 0 925368 925369
6297 9374 9933 6655 9368 2937
656468 470355 2 0 842580 842581
10069 14147 17856 16060 9806 9803
99679 99900
883437049 433033429 11 0 928477410 928477411
8077 5999 139 5457 3939 9893
689026192 614495082 446636617 293945873 87087773 51699275
6731 1775 5698 1732 15938 12626
99633 99741
166887 1168209 7 0 901798392 901798393
284308005 819856796 705839485 152235178 406603671 902980667
65509652 78366101 15 0 904278678 904278679
707000806 153056435 352592499 848711715 500628015 190850202
99724 99588
971535118 705992608 11 0 998089368 998089369
151116954 69922948 875084801 875148475 405636311 538692340
714385655 899524677 252605669 422103104 749090255 591126329
612689619 11601508 379863868 407588850 207627839 862519618
99707 99502
369621617 112105210 3 0 996759640 996759641
3644 811 7566 11 4990 5010
588309593 406135304 10 0 912826770 912826771
2794 16002 17896 10344 16421 2351
99703 99632
739326739 247747559 3 0 985116328 985116329
5509481 4195861 1191847 2035874 2003665 2583165
57136643 17852469 249849172 876581928 592410812 994218105
9451684 12901082 1717061 16438410 4241469 859093
99962 99663
796506914 521699348 3 0 933910696 933910697
100071121 977336830 550146064 638730299 42413654 778457435
160764040 321528080 2 0 915270540 915270541
847510290 325286091 288187073 644404642 357811505 15798885
99981 99923
861946793 852523335 2 0 871370250 871370251
5322524 1250087 3066129 1543515 9127958 2951854
488533789 625150520 3 0 840450846 840450847
5574053 12519767 7110245 13571272 13157467 136135
99615 99670
250718410 501436820 2 0 803556988 803556989
4646 9493 7107 1307 6914 3052
127796317 196241664 721770566 968235927 153640730 495761975
13223 2389 2062 17549 19863 5360
99685 99598
819873844 509941678 3 0 974839926 974839927
260135 6420625 1614313 1330872 8755826 9432039
602098722 223582878 435808571 339068709 364120449 602881750
12547286 12770771 2099728 11221315 6783783 409871
99774 99561
467129429 476111566 3 0 925276720 925276721
15880 15849 13704 61646 46775 64829
461270199 410780601 482929613 226264793 52893474 128973811
64439 123225 18667 143578 27286 118490
99721 99933
275082326 825246978 3 0 970959966 970959967
4191 8722 8369 4198 4546 3098
716911290 867628306 285990630 729412451 312224930 819901775
3830 9483 13131 16257 9676 9183
99673 99590
522646290 460946379 6 0 891643786 891643787
9508357 4607037 9556929 6392052 9378459 6261407
151533301 366736318 204439590 380262448 139031895 607211401
17881588 8397935 18654304 8623009 9777193 8780182
99723 99712
448128394 896256788 2 0 919212556 919212557
3368252 9968251 6187765 1764554 6174765 9723347
726725761 218298737 3 0 980939272 980939273
6889066 18393919 7056001 7804376 12355113 16245373
99861 99790
778465008 142862452 5 0 937365646 937365647
8838605 791673 695762 1904001 6467071 2347070
915858746 200547898 641515499 845733137 965450786 701251291
16987224 7344023 268059 616643 820307 7766421
99861 99852
960097698 712514601 10 0 987606930 987606931
532765877 118478822 822042533 822004080 250062341 963735598
285498611 8677240 3 0 847818592 847818593
321901169 795746211 236512381 628794935 102791019 36433743
99843 99749
732595506 119995118 5 0 885745602 885745603
892303 2779565 3635537 770338 5047108 8870360
45096779 270580674 6 0 993048970 993048971
2055337 6446948 4565008 7647485 18887922 6079191
99549 99979
573615051 795576349 15 0 976081176 976081177
97544 64422 37165 39984 57996 95923
456095756 912191512 2 0 976181850 976181851
186518 99717 188050 6879 123580 16010
100000 100000
97757432 84110822 628897545 693463948 957914468 825089773
763685683 864317279 879535309 735020961 839663565 817816847
97757432 84110822 628897545 693463948 957914468 825089773
486279783 481768911 418706674 945199424 556237449 966152713
99873 99946
293747895 575412818 5 0 893326656 893326657
85708 89692 47466 87148 6340 6019
831934925 824398029 2 0 839471820 839471821
37618 45050 110502 108634 194159 47872
99885 99652
72830661 218491983 3 0 930457158 930457159
7537141 5080638 2811766 7219711 8173964 9278309
422928146 42727439 2 0 803128852 803128853
2542389 8526128 3596387 5592529 5059670 78722
99889 99661
434375275 26852833 2 0 841897716 841897717
35154 94082 90591 69177 53938 84987
789069467 603145427 2 0 974993506 974993507
139304 54208 44573 55856 75685 112082
99546 99605
10643 21286 2 0 852826 852827
6192 2102 8257 7211 7060 3847
919256 53762 186079 689759 777743 391740
14800 5534 19600 7712 6020 9597
99886 99680
611236850 634841116 21 0 871509480 871509481
2309106 5633645 1778379 55563 6342602 5833052
309751580 619503160 2 0 854297748 854297749
14814880 7006312 12257488 6585873 8210136 16207361
100000 100000
1 2 1 0 0 100001
100000 99999 1 0 99998 100000
1 2 1 0 0 100001
100001 100001 0 0 100000 100001
99803 99563
298820809 261378403 10 0 908943228 908943229
4917824 192918 1307091 6053765 5173684 3757115
542423514 191456317 812564017 755257364 411615874 130221408
10118998 2859132 11315014 7590400 13828015 15292001
100000 100000
10 20 1 0 9 10000005
10 10 0 0 9 100005
12345 54321 2 0 1004116 1004117
3 10 7 9 4 23
99752 99944
133784808 401354424 3 0 935620456 935620457
7735 76472 18324 83960 68730 31413
376310646 434972027 392003254 56555320 611942568 982355102
49206 173539 127280 59323 79129 141946
100000 100000
661215555 683817061 969790663 882949632 751226930 987256409
824593863 763707677 57007738 574732177 589541644 542020106
860061359 450568462 0 0 112453428 80242274
304267764 846462578 152996941 326113750 977195043 996256747
99608 99619
182878738 548636214 3 0 928791592 928791593
44724 46048 73932 30463 90581 87030
468997450 799254644 530177286 308496014 53970279 734943852
176963 34125 168683 7846 171460 137839
99690 99957
214386912 636217825 7 0 864490558 864490559
18359 57654 99771 68926 99574 12993
541208134 747715922 58851637 293184088 460106712 481806540
194199 166672 35932 44825 81773 8841
99761 99840
533538047 162064401 2 0 905011692 905011693
83381 61978 75867 27057 17950 87160
829698967 622216286 366957100 221175638 481956759 684807294
137522 104171 152894 150002 196674 6105
99994 99665
623679224 386878445 2 0 860480002 860480003
47499 34454 83888 74006 92877 95714
791012419 716198107 5 0 809715996 809715997
70478 180182 60043 133041 42964 104836
99991 99812
432665426 439323781 3 0 858672496 858672497
132275453 465804775 727315654 66132164 344497436 117023113
679960821 667166507 29 0 865986240 865986241
312329189 74254214 382433515 603000965 327480877 105248551
99783 99530
111596183 223192366 2 0 885263706 885263707
2972 6207 7153 8008 2850 5342
636136079 273779575 3 0 817314330 817314331
2347 14173 7999 52 18110 7462
99700 99664
794642839 717416555 3 0 833255980 833255981
3148975 869646 1313459 6108776 6620927 4865973
320436469 640872938 2 0 978847650 978847651
11370685 5248832 4412038 3171818 5250142 9145225
99563 99772
410417 160232 11 0 870870 870871
6791 7639 8154 6920 2348 6879
135879 271758 2 0 951940 951941
19446 4587 6617 7526 3418 18988
99546 99562
344566 689132 2 0 851196 851197
6 4 4 7 5 6
132749 684773 59236 588843 190391 964987
10 10 11 6 18 14
99985 99829
697974509 277953818 6 0 977473308 977473309
6290709 7560491 5477415 1332157 6569409 6493822
308929444 693132193 112961011 484275959 744855226 31476101
19431642 3341868 8988791 17498252 6665536 15633098
99869 99835
683170524 444957910 3 0 802276830 802276831
4831 4929 3325 5995 8809 8718
44383480 133150440 3 0 900602166 900602167
7672 9848 17282 13934 8953 17322
99998 99804
755986641 661399265 3 0 803280328 803280329
1595 3829 4430 3276 1588 3059
477549216 473882354 5 0 956931862 956931863
2334 7330 19676 2581 1177 14724
99549 99585
55973536 279867680 5 0 826060452 826060453
3114253 926908 1646835 9705913 9764823 4650596
872010595 837870691 2 0 906150498 906150499
741636 10900631 15774679 16098830 13605141 8179718
99611 99716
420765763 464059408 7 0 827100310 827100311
554492942 601740456 421446195 521253514 77454467 285724354
787338152 141072775 21362539 297742548 940601371 954324110
551567574 948350537 182899015 565319020 496635755 779757539
99986 99730
151441273 454323819 3 0 831073518 831073519
5907521 1622724 881201 663468 8801407 6992518
622398917 58678703 11 0 848463672 848463673
6457034 11653407 10944771 11834755 9507990 8648973
2 100000
99999 1 0 0 0 1
99998 2 0 0 0 1
1 2 3 4 5 103843
2 3 4 5 6 349337
99768 99797
214432543 643297629 3 0 841889392 841889393
53489 90275 41405 23111 99082 8205
377525017 281026921 135487620 857247144 183806535 142424088
120911 160538 125948 31038 3794 127483
99550 99687
594523864 381174267 2 0 807873460 807873461
235179 1057438 9389133 3933243 9093946 1238710
652733953 949225396 633567152 200080441 662791149 666897033
12727017 11456276 17213736 1826343 2355863 2528661
99860 99521
237788553 713365659 3 0 889620078 889620079
1303680 9771657 3213778 4607986 2606046 6515068
419566273 839132546 2 0 878507836 878507837
19348361 13461434 15935753 507023 5578025 3419187
99960 99959
497561134 126673191 2 0 868449076 868449077
400608113 659637991 136810291 241912055 741206591 538442825
252287111 160196768 12364720 13424923 522113240 920940787
116876289 178780736 141890769 607149470 223732207 482512061
99515 99977
252555857 440494422 5 0 822284862 822284863
6020523 9333045 389020 8430513 6501734 4542707
214429692 694939403 7 0 806068440 806068441
3984686 11670215 12387922 18782421 3817201 2310378
99785 99636
143000893 472495509 10 0 957513420 957513421
7003 9295 6917 2793 4159 5371
315337332 13387915 3 0 932624080 932624081
11672 4016 8163 19290 616 2944
100000 100000
10000 20000 1 0 9999 1000000000
5000 5001 1 0 0 1853081
50216 514 7 445 6737 998500201
47447 77474 74 47 77 1787783
99553 99670
391197221 782394442 2 0 815534370 815534371
4620 9022 8319 1912 8042 9055
631954727 416310425 513001396 728291432 301898625 228467758
16522 12998 1180 17389 14625 11803
99888 99507
433397194 458098225 7 0 858560710 858560711
96160 72133 95892 28863 5781 33207
293690586 178854981 591733754 493181173 192839701 51681731
66131 186062 44123 79203 111615 31145
99914 99972
789694181 662452383 2 0 916935978 916935979
26610 40255 73319 41561 7948 89397
395668293 989281504 152971634 644614220 333301932 300141743
73793 87310 164559 82096 40003 111233
99646 99687
576959498 237783623 2 0 916135372 916135373
1765931 1387879 7124171 266594 8577997 4935576
874167770 991325794 215366990 277383584 833393614 151436388
9262417 15641666 8450758 16980406 7960717 13550427
99965 99625
24623549 73870647 3 0 967632006 967632007
320446487 490629278 200679302 530427155 899757080 661824012
136674280 821637503 916139492 357376249 417261784 870492235
823290158 371667244 182475079 101347658 425622145 575357415
99757 99875
447247110 48496523 13 0 823673700 823673701
9857389 2226804 6723050 7124208 2589659 3877167
694884742 508288815 2 0 881480668 881480669
9512048 10512836 16900977 14350140 12123138 17450265
99978 99561
495759827 143738721 2 0 847780932 847780933
98135 32717 5316 14703 89737 54442
304257160 584983183 5 0 936302616 936302617
82834 192109 81646 146672 125981 76334
99986 99685
358773184 116321434 5 0 838772242 838772243
9831339 2020246 7918976 6533683 1157953 2800094
857510867 415955625 389373524 920953840 332173914 189948049
15665374 6826916 3977878 430635 12770210 8602641
99511 99588
692937010 206329652 3 0 936240688 936240689
6330 9214 2880 9703 6865 1108
796559416 665222322 30714215 11956353 249489413 8747824
7362 12018 15055 13597 1113 2096
99826 99919
406173598 284355933 11 0 836710728 836710729
850109954 337800846 386460073 16593770 992840809 801212260
187224314 374448628 2 0 919699060 919699061
508499208 586191647 185407790 748749813 704733017 10502589
99801 99551
554042758 531559302 7 0 836685000 836685001
1499023 8271890 2182792 6015451 8880041 7141993
612025389 125767774 353881704 909167930 267800860 38760953
4506046 7893977 1060256 1605246 2199868 317270
99982 99810
575927494 231554577 2 0 920300410 920300411
39175 34599 94591 45973 98511 30007
16856340 50569020 3 0 871616608 871616609
119035 149336 124585 14126 4197 182915
99726 99951
503368 604517 3 0 905586 905587
3 5 1 1 2 5
154640 108449 123086 187114 273125 998851
2 7 2 10 3 19
99768 99808
549144282 785355599 3 0 862077246 862077247
8771 2118 6601 8815 6352 9967
674941399 728972208 100551592 869278297 81279171 341622603
10898 19002 13898 9104 6670 3131
99635 99611
153614553 307229106 2 0 818541460 818541461
85608 32939 81537 55994 45388 22717
163061423 326122846 2 0 898529716 898529717
87749 181634 159640 194716 59759 150110
99680 99944
103779608 207559216 2 0 980208946 980208947
7725 5238 8340 2981 905 3553
821458770 677182087 2 0 965735452 965735453
11360 6723 636 8607 7650 17808
99956 99625
653551 720326 5 0 849142 849143
6 1 9 10 8 7
11287 22574 2 0 813012 813013
15 13 3 1 5 14
99711 99535
710279084 557693541 2 0 862864626 862864627
64308 57686 1814 69633 23375 39967
731192175 173249624 208041248 837204515 279900880 843724836
76055 3613 162031 171363 85656 177365
99566 99949
503666097 163512983 2 0 843819210 843819211
1797 7617 6306 2892 65 1743
194611376 989458242 989661117 731584125 829119003 223932072
16303 346 2482 10431 12510 14239
99590 99760
405866932 811733864 2 0 972851202 972851203
9069474 7807749 2312616 9245407 7902105 2094809
341851285 683702570 2 0 966471628 966471629
18960568 6943433 13295396 9671721 6853230 4646541
99709 99824
491069261 587897039 5 0 933724632 933724633
2967722 166 8599326 6669232 3855829 4843037
468225730 17163511 2 0 919287948 919287949
15916233 1407225 10520038 5490614 19751433 9181676
99983 99996
850493304 256326308 5 0 999035052 999035053
8889 5620 8460 5648 5499 9441
188369797 242981881 475233275 715590242 822406272 726351685
9025 779 14701 5057 4053 11907
99921 99531
809357493 786787213 2 0 831927772 831927773
3252 1782 7235 7555 2636 3735
348780194 436318403 562149633 867974709 228492467 906652011
17112 5975 15069 2993 10617 9823
99828 99514
655608339 27134443 3 0 969845286 969845287
2997892 9810696 7770551 3154190 5190184 4809519
795284889 558152585 3 0 913851040 913851041
9559563 7584673 3100505 17372906 11273977 5490340
99797 99820
710119865 295811993 3 0 917273800 917273801
665504821 53101768 940686835 155803497 147252255 548315614
738249619 124740483 5 0 891626902 891626903
719585441 963829747 343312166 585075910 177359440 332781739
